290;Грошові кошти;4;21;18;330;269
300;Грошові кошти;7;40;48;104;271
200;Дебіторська заборгованість;7;10;21;122;51
270;Дебіторська заборгованість;5;17;40;63;526
160;Матеріальні обігові кошти;396;832;1818;6631;19426
120;Матеріальні обігові кошти;2;3;3;3;6
310;Грошові кошти;6;58;165;483;850
210;Дебіторська заборгованість;1;2;12;25;119
230;Дебіторська заборгованість;2;1;1;0.3;2
240;Дебіторська заборгованість;54;3;3;3.7;2
170;Матеріальні Обігові кошти;0.1;4;6;19;61
320;Грошові кошти;15;29;30;117;821
